cam0:
  cam_overlaps: [1]
  camera_model: pinhole
  distortion_coeffs: [0.004136165249475896, 0.09509478306213548, -0.11766502639762973,
    0.04622914792374395]
  distortion_model: equidistant
  intrinsics: [238.88264329583697, 238.43988669054954, 239.65578750366714, 321.1613847182054]
  resolution: [480, 640]
  rostopic: /cam0/image_raw
cam1:
  T_cn_cnm1:
  - [0.9850136410684377, 0.018619324951571557, -0.1714685033685415, -0.13596552543221865]
  - [-0.018723939284882564, 0.999824184292754, 0.0010072740371973358, 0.0008464566862285916]
  - [0.17145711127496513, 0.002218387179408799, 0.9851890873084046, -0.010657069881313909]
  - [0.0, 0.0, 0.0, 1.0]
  cam_overlaps: [0]
  camera_model: pinhole
  distortion_coeffs: [0.011015556563154302, 0.06646119044294033, -0.07637866453799633,
    0.025620245489721263]
  distortion_model: equidistant
  intrinsics: [238.01314574429594, 237.9290215251219, 238.5959141485548, 318.63275203667945]
  resolution: [480, 640]
  rostopic: /cam1/image_raw
