cam0:
  T_cam_imu:
  - [-0.9952717921038055, -0.09709206099514484, -0.0026817035994221652, 0.04714656968697558]
  - [-0.010181364279502052, 0.13174520301403692, -0.9912313258287385, -0.0029675809552293445]
  - [0.0965939939327915, -0.9865172746457641, -0.13211081394649937, -0.020538688132801946]
  - [0.0, 0.0, 0.0, 1.0]
  cam_overlaps: [1]
  camera_model: pinhole
  distortion_coeffs: [0.004136165249475896, 0.09509478306213548, -0.11766502639762973,
    0.04622914792374395]
  distortion_model: equidistant
  intrinsics: [238.88264329583697, 238.43988669054954, 239.65578750366714, 321.1613847182054]
  resolution: [480, 640]
  rostopic: /cam0/image_raw
  timeshift_cam_imu: -0.028109397843624286
cam1:
  T_cam_imu:
  - [-0.997108689496894, 0.07597264285678418, 0.0015552707616905276, -0.08605902739980476]
  - [0.0085531309938051, 0.13254629275511254, -0.9911399115296885, -0.0030240601172799786]
  - [-0.0755056638934422, -0.9882609158588797, -0.13281286423302163, -0.02281452989587328]
  - [0.0, 0.0, 0.0, 1.0]
  T_cn_cnm1:
  - [0.9850136410684377, 0.018619324951571564, -0.1714685033685415, -0.13596552543221865]
  - [-0.01872393928488257, 0.999824184292754, 0.0010072740371973364, 0.0008464566862285916]
  - [0.17145711127496513, 0.0022183871794088, 0.9851890873084046, -0.010657069881313909]
  - [0.0, 0.0, 0.0, 1.0]
  cam_overlaps: [0]
  camera_model: pinhole
  distortion_coeffs: [0.011015556563154302, 0.06646119044294033, -0.07637866453799633,
    0.025620245489721263]
  distortion_model: equidistant
  intrinsics: [238.01314574429594, 237.9290215251219, 238.5959141485548, 318.63275203667945]
  resolution: [480, 640]
  rostopic: /cam1/image_raw
  timeshift_cam_imu: -0.028114264864697123
